 wrk -d1m -R10000 -s ./wrk/put.lua --latency http://localhost:8080
Running 1m test @ http://localhost:8080
  2 threads and 10 connections
  Thread calibration: mean lat.: 5.628ms, rate sampling interval: 27ms
  Thread calibration: mean lat.: 5.815ms, rate sampling interval: 28ms
  Thread Stats   Avg      Stdev     Max   +/- Stdev
    Latency     5.86ms    6.00ms  44.10ms   84.72%
    Req/Sec     5.10k     1.18k   10.65k    76.62%
  Latency Distribution (HdrHistogram - Recorded Latency)
 50.000%    3.42ms
 75.000%    8.69ms
 90.000%   14.49ms
 99.000%   25.53ms
 99.900%   35.49ms
 99.990%   41.79ms
 99.999%   43.58ms
100.000%   44.13ms

  Detailed Percentile spectrum:
       Value   Percentile   TotalCount 1/(1-Percentile)

       0.069     0.000000            1         1.00
       0.813     0.100000        50008         1.11
       1.200     0.200000       100083         1.25
       1.596     0.300000       149927         1.43
       2.147     0.400000       199974         1.67
       3.419     0.500000       249906         2.00
       4.339     0.550000       274904         2.22
       5.295     0.600000       299868         2.50
       6.311     0.650000       324856         2.86
       7.431     0.700000       349826         3.33
       8.687     0.750000       374886         4.00
       9.383     0.775000       387379         4.44
      10.143     0.800000       399795         5.00
      11.007     0.825000       412384         5.71
      11.975     0.850000       424789         6.67
      13.087     0.875000       437284         8.00
      13.735     0.887500       443528         8.89
      14.487     0.900000       449809        10.00
      15.295     0.912500       456043        11.43
      16.215     0.925000       462279        13.33
      17.279     0.937500       468536        16.00
      17.887     0.943750       471690        17.78
      18.543     0.950000       474817        20.00
      19.231     0.956250       477902        22.86
      19.967     0.962500       481001        26.67
      20.831     0.968750       484168        32.00
      21.311     0.971875       485729        35.56
      21.791     0.975000       487247        40.00
      22.351     0.978125       488811        45.71
      23.007     0.981250       490372        53.33
      23.759     0.984375       491941        64.00
      24.191     0.985938       492715        71.11
      24.687     0.987500       493501        80.00
      25.199     0.989062       494297        91.43
      25.791     0.990625       495068       106.67
      26.495     0.992188       495839       128.00
      26.927     0.992969       496231       142.22
      27.391     0.993750       496622       160.00
      27.855     0.994531       497009       182.86
      28.431     0.995313       497403       213.33
      29.151     0.996094       497795       256.00
      29.583     0.996484       497991       284.44
      30.063     0.996875       498182       320.00
      30.671     0.997266       498376       365.71
      31.487     0.997656       498571       426.67
      32.399     0.998047       498767       512.00
      32.895     0.998242       498865       568.89
      33.535     0.998437       498966       640.00
      34.175     0.998633       499058       731.43
      34.815     0.998828       499158       853.33
      35.583     0.999023       499252      1024.00
      35.967     0.999121       499302      1137.78
      36.383     0.999219       499352      1280.00
      36.991     0.999316       499399      1462.86
      38.015     0.999414       499448      1706.67
      38.719     0.999512       499496      2048.00
      38.975     0.999561       499523      2275.56
      39.263     0.999609       499549      2560.00
      39.423     0.999658       499570      2925.71
      39.679     0.999707       499597      3413.33
      40.095     0.999756       499621      4096.00
      40.255     0.999780       499633      4551.11
      40.415     0.999805       499643      5120.00
      40.767     0.999829       499656      5851.43
      40.991     0.999854       499667      6826.67
      41.311     0.999878       499679      8192.00
      41.535     0.999890       499686      9102.22
      41.791     0.999902       499692     10240.00
      41.983     0.999915       499699     11702.86
      42.143     0.999927       499704     13653.33
      42.399     0.999939       499710     16384.00
      42.623     0.999945       499714     18204.44
      42.783     0.999951       499716     20480.00
      42.943     0.999957       499719     23405.71
      43.007     0.999963       499722     27306.67
      43.103     0.999969       499725     32768.00
      43.167     0.999973       499727     36408.89
      43.295     0.999976       499728     40960.00
      43.327     0.999979       499730     46811.43
      43.391     0.999982       499732     54613.33
      43.423     0.999985       499733     65536.00
      43.487     0.999986       499734     72817.78
      43.487     0.999988       499734     81920.00
      43.583     0.999989       499735     93622.86
      43.647     0.999991       499736    109226.67
      43.679     0.999992       499737    131072.00
      43.679     0.999993       499737    145635.56
      43.679     0.999994       499737    163840.00
      43.807     0.999995       499738    187245.71
      43.807     0.999995       499738    218453.33
      43.967     0.999996       499739    262144.00
      43.967     0.999997       499739    291271.11
      43.967     0.999997       499739    327680.00
      43.967     0.999997       499739    374491.43
      43.967     0.999998       499739    436906.67
      44.127     0.999998       499740    524288.00
      44.127     1.000000       499740          inf
#[Mean    =        5.858, StdDeviation   =        5.999]
#[Max     =       44.096, Total count    =       499740]
#[Buckets =           27, SubBuckets     =         2048]
----------------------------------------------------------
  599877 requests in 1.00m, 38.33MB read
  Non-2xx or 3xx responses: 15
Requests/sec:   9997.87
Transfer/sec:    654.16KB
