 wrk -d1m -R10000 -s ./wrk/get.lua --latency http://localhost:8080
Running 1m test @ http://localhost:8080
  2 threads and 10 connections
  Thread calibration: mean lat.: 1310.432ms, rate sampling interval: 4395ms
  Thread calibration: mean lat.: 1273.953ms, rate sampling interval: 4304ms
  Thread Stats   Avg      Stdev     Max   +/- Stdev
    Latency     8.10s     3.28s   13.95s    58.72%
    Req/Sec     3.86k   120.71     4.10k    68.18%
  Latency Distribution (HdrHistogram - Recorded Latency)
 50.000%    8.18s 
 75.000%   10.97s 
 90.000%   12.63s 
 99.000%   13.70s 
 99.900%   13.90s 
 99.990%   13.95s 
 99.999%   13.96s 
100.000%   13.96s 

  Detailed Percentile spectrum:
       Value   Percentile   TotalCount 1/(1-Percentile)

    2293.759     0.000000            6         1.00
    3624.959     0.100000        38641         1.11
    4841.471     0.200000        77335         1.25
    5705.727     0.300000       116032         1.43
    6774.783     0.400000       154609         1.67
    8175.615     0.500000       193297         2.00
    8740.863     0.550000       212571         2.22
    9248.767     0.600000       231826         2.50
    9781.247     0.650000       251239         2.86
   10371.071     0.700000       270547         3.33
   10969.087     0.750000       290074         4.00
   11263.999     0.775000       299473         4.44
   11542.527     0.800000       309266         5.00
   11796.479     0.825000       318780         5.71
   12058.623     0.850000       328495         6.67
   12337.151     0.875000       338359         8.00
   12476.415     0.887500       342935         8.89
   12632.063     0.900000       347855        10.00
   12787.711     0.912500       352598        11.43
   12926.975     0.925000       357468        13.33
   13066.239     0.937500       362240        16.00
   13139.967     0.943750       364790        17.78
   13205.503     0.950000       367195        20.00
   13279.231     0.956250       369468        22.86
   13352.959     0.962500       371928        26.67
   13434.879     0.968750       374511        32.00
   13467.647     0.971875       375514        35.56
   13508.607     0.975000       376812        40.00
   13541.375     0.978125       377930        45.71
   13582.335     0.981250       379178        53.33
   13623.295     0.984375       380414        64.00
   13639.679     0.985938       380891        71.11
   13664.255     0.987500       381545        80.00
   13688.831     0.989062       382262        91.43
   13713.407     0.990625       382899       106.67
   13737.983     0.992188       383415       128.00
   13746.175     0.992969       383618       142.22
   13770.751     0.993750       384046       160.00
   13787.135     0.994531       384315       182.86
   13803.519     0.995313       384590       213.33
   13819.903     0.996094       384856       256.00
   13828.095     0.996484       384988       284.44
   13836.287     0.996875       385144       320.00
   13844.479     0.997266       385284       365.71
   13852.671     0.997656       385443       426.67
   13869.055     0.998047       385656       512.00
   13869.055     0.998242       385656       568.89
   13877.247     0.998437       385738       640.00
   13885.439     0.998633       385814       731.43
   13893.631     0.998828       385906       853.33
   13901.823     0.999023       385971      1024.00
   13910.015     0.999121       386000      1137.78
   13918.207     0.999219       386061      1280.00
   13918.207     0.999316       386061      1462.86
   13926.399     0.999414       386128      1706.67
   13926.399     0.999512       386128      2048.00
   13934.591     0.999561       386232      2275.56
   13934.591     0.999609       386232      2560.00
   13934.591     0.999658       386232      2925.71
   13934.591     0.999707       386232      3413.33
   13934.591     0.999756       386232      4096.00
   13934.591     0.999780       386232      4551.11
   13942.783     0.999805       386261      5120.00
   13942.783     0.999829       386261      5851.43
   13942.783     0.999854       386261      6826.67
   13950.975     0.999878       386289      8192.00
   13950.975     0.999890       386289      9102.22
   13950.975     0.999902       386289     10240.00
   13950.975     0.999915       386289     11702.86
   13950.975     0.999927       386289     13653.33
   13959.167     0.999939       386315     16384.00
   13959.167     1.000000       386315          inf
#[Mean    =     8103.865, StdDeviation   =     3275.039]
#[Max     =    13950.976, Total count    =       386315]
#[Buckets =           27, SubBuckets     =         2048]
----------------------------------------------------------
  462502 requests in 1.00m, 32.41MB read
Requests/sec:   7708.41
Transfer/sec:    553.12KB
