wrk -c 128 -d1m -R10000 -s ./wrk/put.lua --latency http://localhost:8080
Running 1m test @ http://localhost:8080
  2 threads and 128 connections
  Thread calibration: mean lat.: 108.541ms, rate sampling interval: 374ms
  Thread calibration: mean lat.: 118.037ms, rate sampling interval: 378ms
  Thread Stats   Avg      Stdev     Max   +/- Stdev
    Latency     1.48s   740.16ms   2.55s    50.88%
    Req/Sec     4.80k   444.10     5.49k    68.82%
  Latency Distribution (HdrHistogram - Recorded Latency)
 50.000%    1.59s 
 75.000%    2.22s 
 90.000%    2.44s 
 99.000%    2.50s 
 99.900%    2.52s 
 99.990%    2.54s 
 99.999%    2.55s 
100.000%    2.55s 

  Detailed Percentile spectrum:
       Value   Percentile   TotalCount 1/(1-Percentile)

     209.279     0.000000            1         1.00
     440.319     0.100000        47623         1.11
     680.447     0.200000        95462         1.25
     904.703     0.300000       142789         1.43
    1106.943     0.400000       190649         1.67
    1590.271     0.500000       237993         2.00
    1698.815     0.550000       261795         2.22
    1833.983     0.600000       285583         2.50
    1932.287     0.650000       309480         2.86
    2085.887     0.700000       333210         3.33
    2222.079     0.750000       356969         4.00
    2269.183     0.775000       368889         4.44
    2322.431     0.800000       380849         5.00
    2344.959     0.825000       392846         5.71
    2375.679     0.850000       404980         6.67
    2406.399     0.875000       417110         8.00
    2420.735     0.887500       422906         8.89
    2435.071     0.900000       428691        10.00
    2447.359     0.912500       434840        11.43
    2455.551     0.925000       440452        13.33
    2463.743     0.937500       447217        16.00
    2467.839     0.943750       450835        17.78
    2469.887     0.950000       452641        20.00
    2473.983     0.956250       456128        22.86
    2478.079     0.962500       459432        26.67
    2482.175     0.968750       462513        32.00
    2484.223     0.971875       463897        35.56
    2486.271     0.975000       465228        40.00
    2488.319     0.978125       466454        45.71
    2490.367     0.981250       467548        53.33
    2492.415     0.984375       468533        64.00
    2494.463     0.985938       469463        71.11
    2496.511     0.987500       470302        80.00
    2498.559     0.989062       471021        91.43
    2500.607     0.990625       471739       106.67
    2502.655     0.992188       472347       128.00
    2504.703     0.992969       472902       142.22
    2506.751     0.993750       473384       160.00
    2506.751     0.994531       473384       182.86
    2508.799     0.995313       473801       213.33
    2510.847     0.996094       474140       256.00
    2512.895     0.996484       474443       284.44
    2512.895     0.996875       474443       320.00
    2514.943     0.997266       474708       365.71
    2516.991     0.997656       474935       426.67
    2519.039     0.998047       475131       512.00
    2519.039     0.998242       475131       568.89
    2521.087     0.998437       475304       640.00
    2521.087     0.998633       475304       731.43
    2523.135     0.998828       475466       853.33
    2523.135     0.999023       475466      1024.00
    2525.183     0.999121       475588      1137.78
    2525.183     0.999219       475588      1280.00
    2527.231     0.999316       475681      1462.86
    2527.231     0.999414       475681      1706.67
    2529.279     0.999512       475732      2048.00
    2529.279     0.999561       475732      2275.56
    2531.327     0.999609       475790      2560.00
    2531.327     0.999658       475790      2925.71
    2531.327     0.999707       475790      3413.33
    2533.375     0.999756       475830      4096.00
    2533.375     0.999780       475830      4551.11
    2535.423     0.999805       475857      5120.00
    2535.423     0.999829       475857      5851.43
    2537.471     0.999854       475884      6826.67
    2537.471     0.999878       475884      8192.00
    2537.471     0.999890       475884      9102.22
    2537.471     0.999902       475884     10240.00
    2539.519     0.999915       475900     11702.86
    2539.519     0.999927       475900     13653.33
    2539.519     0.999939       475900     16384.00
    2541.567     0.999945       475911     18204.44
    2541.567     0.999951       475911     20480.00
    2541.567     0.999957       475911     23405.71
    2543.615     0.999963       475919     27306.67
    2543.615     0.999969       475919     32768.00
    2543.615     0.999973       475919     36408.89
    2543.615     0.999976       475919     40960.00
    2543.615     0.999979       475919     46811.43
    2545.663     0.999982       475926     54613.33
    2545.663     0.999985       475926     65536.00
    2545.663     0.999986       475926     72817.78
    2545.663     0.999988       475926     81920.00
    2545.663     0.999989       475926     93622.86
    2545.663     0.999991       475926    109226.67
    2545.663     0.999992       475926    131072.00
    2545.663     0.999993       475926    145635.56
    2547.711     0.999994       475929    163840.00
    2547.711     1.000000       475929          inf
#[Mean    =     1480.574, StdDeviation   =      740.157]
#[Max     =     2545.664, Total count    =       475929]
#[Buckets =           27, SubBuckets     =         2048]
----------------------------------------------------------
  571203 requests in 1.00m, 36.50MB read
Requests/sec:   9520.16
Transfer/sec:    622.90KB



wrk -c 128 -d1m -R1000 -s ./wrk/put.lua -L http://localhost:8080
Running 1m test @ http://localhost:8080
  2 threads and 128 connections
  Thread calibration: mean lat.: 11.881ms, rate sampling interval: 32ms
  Thread calibration: mean lat.: 15.578ms, rate sampling interval: 51ms
  Thread Stats   Avg      Stdev     Max   +/- Stdev
    Latency     8.89ms    7.31ms  50.98ms   75.52%
    Req/Sec   506.69    382.05     1.28k    63.76%
  Latency Distribution (HdrHistogram - Recorded Latency)
 50.000%    7.47ms
 75.000%   14.75ms
 90.000%   17.04ms
 99.000%   30.91ms
 99.900%   43.55ms
 99.990%   48.35ms
 99.999%   51.01ms
100.000%   51.01ms

  Detailed Percentile spectrum:
       Value   Percentile   TotalCount 1/(1-Percentile)

       0.336     0.000000            1         1.00
       1.562     0.100000         4977         1.11
       1.928     0.200000         9940         1.25
       2.255     0.300000        14920         1.43
       2.759     0.400000        19879         1.67
       7.467     0.500000        24838         2.00
      10.735     0.550000        27321         2.22
      12.527     0.600000        29813         2.50
      13.439     0.650000        32291         2.86
      14.127     0.700000        34786         3.33
      14.751     0.750000        37261         4.00
      15.063     0.775000        38495         4.44
      15.383     0.800000        39752         5.00
      15.703     0.825000        40998         5.71
      16.063     0.850000        42224         6.67
      16.495     0.875000        43490         8.00
      16.735     0.887500        44085         8.89
      17.039     0.900000        44712        10.00
      17.391     0.912500        45340        11.43
      17.839     0.925000        45946        13.33
      18.431     0.937500        46572        16.00
      18.799     0.943750        46880        17.78
      19.279     0.950000        47188        20.00
      19.919     0.956250        47503        22.86
      20.751     0.962500        47808        26.67
      22.079     0.968750        48121        32.00
      22.831     0.971875        48274        35.56
      23.535     0.975000        48432        40.00
      24.463     0.978125        48586        45.71
      26.351     0.981250        48739        53.33
      28.287     0.984375        48896        64.00
      29.039     0.985938        48972        71.11
      29.695     0.987500        49051        80.00
      30.351     0.989062        49127        91.43
      31.327     0.990625        49206       106.67
      31.903     0.992188        49282       128.00
      32.431     0.992969        49322       142.22
      32.927     0.993750        49361       160.00
      33.375     0.994531        49403       182.86
      34.239     0.995313        49438       213.33
      35.935     0.996094        49477       256.00
      37.183     0.996484        49496       284.44
      38.143     0.996875        49515       320.00
      39.071     0.997266        49535       365.71
      41.183     0.997656        49555       426.67
      41.695     0.998047        49573       512.00
      42.079     0.998242        49583       568.89
      42.303     0.998437        49594       640.00
      42.815     0.998633        49603       731.43
      43.295     0.998828        49613       853.33
      43.743     0.999023        49623      1024.00
      44.351     0.999121        49627      1137.78
      44.703     0.999219        49632      1280.00
      46.623     0.999316        49637      1462.86
      47.007     0.999414        49642      1706.67
      47.071     0.999512        49648      2048.00
      47.135     0.999561        49649      2275.56
      47.295     0.999609        49651      2560.00
      47.455     0.999658        49654      2925.71
      47.679     0.999707        49656      3413.33
      47.711     0.999756        49658      4096.00
      47.871     0.999780        49661      4551.11
      47.871     0.999805        49661      5120.00
      47.903     0.999829        49662      5851.43
      47.999     0.999854        49663      6826.67
      48.255     0.999878        49664      8192.00
      48.351     0.999890        49665      9102.22
      48.383     0.999902        49666     10240.00
      48.383     0.999915        49666     11702.86
      48.415     0.999927        49667     13653.33
      48.415     0.999939        49667     16384.00
      50.143     0.999945        49668     18204.44
      50.143     0.999951        49668     20480.00
      50.143     0.999957        49668     23405.71
      50.911     0.999963        49669     27306.67
      50.911     0.999969        49669     32768.00
      50.911     0.999973        49669     36408.89
      50.911     0.999976        49669     40960.00
      50.911     0.999979        49669     46811.43
      51.007     0.999982        49670     54613.33
      51.007     1.000000        49670          inf
#[Mean    =        8.886, StdDeviation   =        7.309]
#[Max     =       50.976, Total count    =        49670]
#[Buckets =           27, SubBuckets     =         2048]
----------------------------------------------------------
  59466 requests in 1.00m, 3.80MB read
Requests/sec:    990.84
Transfer/sec:     64.83KB
