wrk -t4 -c4 -d1m -R10000 -s ./wrk/put.lua --latency http://localhost:8080
Running 1m test @ http://localhost:8080
  4 threads and 4 connections
  Thread calibration: mean lat.: 2.960ms, rate sampling interval: 10ms
  Thread calibration: mean lat.: 2.922ms, rate sampling interval: 10ms
  Thread calibration: mean lat.: 2.409ms, rate sampling interval: 10ms
  Thread calibration: mean lat.: 2.858ms, rate sampling interval: 10ms
  Thread Stats   Avg      Stdev     Max   +/- Stdev
    Latency     1.63ms    3.31ms  45.73ms   96.08%
    Req/Sec     2.65k   419.46     7.55k    85.71%
  Latency Distribution (HdrHistogram - Recorded Latency)
 50.000%    1.05ms
 75.000%    1.51ms
 90.000%    1.86ms
 99.000%   21.22ms
 99.900%   36.54ms
 99.990%   41.98ms
 99.999%   45.41ms
100.000%   45.76ms

  Detailed Percentile spectrum:
       Value   Percentile   TotalCount 1/(1-Percentile)

       0.036     0.000000            1         1.00
       0.327     0.100000        50196         1.11
       0.555     0.200000       100056         1.25
       0.782     0.300000       150160         1.43
       0.928     0.400000       200034         1.67
       1.046     0.500000       250094         2.00
       1.104     0.550000       275092         2.22
       1.178     0.600000       300201         2.50
       1.284     0.650000       325027         2.86
       1.398     0.700000       349983         3.33
       1.511     0.750000       375122         4.00
       1.570     0.775000       387552         4.44
       1.628     0.800000       399996         5.00
       1.687     0.825000       412677         5.71
       1.744     0.850000       424999         6.67
       1.802     0.875000       437649         8.00
       1.830     0.887500       443744         8.89
       1.863     0.900000       449984        10.00
       1.912     0.912500       456224        11.43
       2.149     0.925000       462470        13.33
       2.937     0.937500       468705        16.00
       3.397     0.943750       471829        17.78
       3.897     0.950000       474957        20.00
       4.463     0.956250       478082        22.86
       5.171     0.962500       481202        26.67
       6.247     0.968750       484331        32.00
       7.015     0.971875       485890        35.56
       8.003     0.975000       487448        40.00
       9.407     0.978125       489015        45.71
      11.343     0.981250       490573        53.33
      14.071     0.984375       492138        64.00
      15.695     0.985938       492918        71.11
      17.663     0.987500       493697        80.00
      19.631     0.989062       494478        91.43
      22.239     0.990625       495263       106.67
      24.335     0.992188       496043       128.00
      25.359     0.992969       496438       142.22
      26.415     0.993750       496828       160.00
      27.551     0.994531       497215       182.86
      28.911     0.995313       497606       213.33
      29.951     0.996094       497996       256.00
      30.623     0.996484       498189       284.44
      31.311     0.996875       498384       320.00
      32.127     0.997266       498581       365.71
      33.023     0.997656       498779       426.67
      34.079     0.998047       498973       512.00
      34.623     0.998242       499069       568.89
      35.231     0.998437       499165       640.00
      35.743     0.998633       499268       731.43
      36.191     0.998828       499369       853.33
      36.607     0.999023       499462      1024.00
      36.895     0.999121       499507      1137.78
      37.151     0.999219       499560      1280.00
      37.407     0.999316       499605      1462.86
      37.791     0.999414       499655      1706.67
      38.239     0.999512       499703      2048.00
      38.399     0.999561       499728      2275.56
      38.687     0.999609       499753      2560.00
      38.975     0.999658       499776      2925.71
      39.231     0.999707       499801      3413.33
      39.647     0.999756       499824      4096.00
      39.967     0.999780       499837      4551.11
      40.255     0.999805       499850      5120.00
      40.511     0.999829       499862      5851.43
      40.831     0.999854       499873      6826.67
      41.471     0.999878       499885      8192.00
      41.759     0.999890       499892      9102.22
      42.047     0.999902       499898     10240.00
      42.431     0.999915       499904     11702.86
      42.687     0.999927       499910     13653.33
      43.135     0.999939       499916     16384.00
      43.391     0.999945       499919     18204.44
      43.583     0.999951       499923     20480.00
      43.775     0.999957       499925     23405.71
      44.191     0.999963       499928     27306.67
      44.447     0.999969       499931     32768.00
      44.735     0.999973       499933     36408.89
      44.799     0.999976       499935     40960.00
      44.863     0.999979       499936     46811.43
      44.895     0.999982       499937     54613.33
      45.055     0.999985       499939     65536.00
      45.247     0.999986       499940     72817.78
      45.247     0.999988       499940     81920.00
      45.407     0.999989       499941     93622.86
      45.471     0.999991       499943    109226.67
      45.471     0.999992       499943    131072.00
      45.471     0.999993       499943    145635.56
      45.471     0.999994       499943    163840.00
      45.535     0.999995       499944    187245.71
      45.535     0.999995       499944    218453.33
      45.695     0.999996       499945    262144.00
      45.695     0.999997       499945    291271.11
      45.695     0.999997       499945    327680.00
      45.695     0.999997       499945    374491.43
      45.695     0.999998       499945    436906.67
      45.759     0.999998       499946    524288.00
      45.759     1.000000       499946          inf
#[Mean    =        1.626, StdDeviation   =        3.315]
#[Max     =       45.728, Total count    =       499946]
#[Buckets =           27, SubBuckets     =         2048]
----------------------------------------------------------
  599989 requests in 1.00m, 47.32MB read
Requests/sec:   9999.82
Transfer/sec:    807.51KB



wrk -t4 -c4 -d1m -R10000 -s ./wrk/put.lua --latency http://localhost:8081
Running 1m test @ http://localhost:8081
  4 threads and 4 connections
  Thread calibration: mean lat.: 6.581ms, rate sampling interval: 16ms
  Thread calibration: mean lat.: 4.089ms, rate sampling interval: 10ms
  Thread calibration: mean lat.: 5.306ms, rate sampling interval: 12ms
  Thread calibration: mean lat.: 5.335ms, rate sampling interval: 10ms
  Thread Stats   Avg      Stdev     Max   +/- Stdev
    Latency     1.74ms    3.73ms  42.91ms   96.03%
    Req/Sec     2.62k   404.01     9.33k    88.06%
  Latency Distribution (HdrHistogram - Recorded Latency)
 50.000%    1.05ms
 75.000%    1.53ms
 90.000%    1.89ms
 99.000%   25.20ms
 99.900%   36.93ms
 99.990%   41.57ms
 99.999%   42.75ms
100.000%   42.94ms

  Detailed Percentile spectrum:
       Value   Percentile   TotalCount 1/(1-Percentile)

       0.037     0.000000            3         1.00
       0.331     0.100000        50104         1.11
       0.561     0.200000        99992         1.25
       0.787     0.300000       149963         1.43
       0.934     0.400000       200094         1.67
       1.054     0.500000       250251         2.00
       1.112     0.550000       274971         2.22
       1.189     0.600000       300016         2.50
       1.299     0.650000       325043         2.86
       1.413     0.700000       350080         3.33
       1.527     0.750000       374989         4.00
       1.586     0.775000       387448         4.44
       1.645     0.800000       399978         5.00
       1.703     0.825000       412612         5.71
       1.760     0.850000       424897         6.67
       1.818     0.875000       437536         8.00
       1.850     0.887500       443685         8.89
       1.888     0.900000       449879        10.00
       1.966     0.912500       456133        11.43
       2.475     0.925000       462366        13.33
       3.315     0.937500       468612        16.00
       3.783     0.943750       471741        17.78
       4.307     0.950000       474881        20.00
       4.939     0.956250       477992        22.86
       5.819     0.962500       481108        26.67
       7.379     0.968750       484230        32.00
       8.535     0.971875       485793        35.56
      10.023     0.975000       487353        40.00
      11.967     0.978125       488916        45.71
      14.887     0.981250       490476        53.33
      18.143     0.984375       492041        64.00
      19.871     0.985938       492824        71.11
      21.951     0.987500       493598        80.00
      24.031     0.989062       494384        91.43
      25.919     0.990625       495161       106.67
      27.535     0.992188       495945       128.00
      28.271     0.992969       496335       142.22
      29.183     0.993750       496725       160.00
      30.143     0.994531       497114       182.86
      31.119     0.995313       497503       213.33
      32.255     0.996094       497899       256.00
      32.831     0.996484       498093       284.44
      33.407     0.996875       498285       320.00
      34.111     0.997266       498482       365.71
      34.655     0.997656       498692       426.67
      35.327     0.998047       498873       512.00
      35.615     0.998242       498971       568.89
      35.903     0.998437       499073       640.00
      36.255     0.998633       499171       731.43
      36.639     0.998828       499262       853.33
      36.959     0.999023       499362      1024.00
      37.151     0.999121       499410      1137.78
      37.439     0.999219       499457      1280.00
      37.823     0.999316       499506      1462.86
      38.303     0.999414       499555      1706.67
      38.943     0.999512       499603      2048.00
      39.295     0.999561       499627      2275.56
      39.647     0.999609       499652      2560.00
      39.967     0.999658       499679      2925.71
      40.223     0.999707       499703      3413.33
      40.479     0.999756       499725      4096.00
      40.639     0.999780       499739      4551.11
      40.767     0.999805       499750      5120.00
      40.863     0.999829       499761      5851.43
      41.087     0.999854       499774      6826.67
      41.343     0.999878       499786      8192.00
      41.503     0.999890       499793      9102.22
      41.727     0.999902       499798     10240.00
      41.855     0.999915       499804     11702.86
      42.015     0.999927       499812     13653.33
      42.111     0.999939       499816     16384.00
      42.143     0.999945       499819     18204.44
      42.175     0.999951       499822     20480.00
      42.303     0.999957       499825     23405.71
      42.335     0.999963       499828     27306.67
      42.399     0.999969       499831     32768.00
      42.591     0.999973       499834     36408.89
      42.591     0.999976       499834     40960.00
      42.687     0.999979       499837     46811.43
      42.687     0.999982       499837     54613.33
      42.719     0.999985       499840     65536.00
      42.719     0.999986       499840     72817.78
      42.719     0.999988       499840     81920.00
      42.751     0.999989       499841     93622.86
      42.783     0.999991       499842    109226.67
      42.815     0.999992       499843    131072.00
      42.815     0.999993       499843    145635.56
      42.815     0.999994       499843    163840.00
      42.879     0.999995       499844    187245.71
      42.879     0.999995       499844    218453.33
      42.911     0.999996       499845    262144.00
      42.911     0.999997       499845    291271.11
      42.911     0.999997       499845    327680.00
      42.911     0.999997       499845    374491.43
      42.911     0.999998       499845    436906.67
      42.943     0.999998       499846    524288.00
      42.943     1.000000       499846          inf
#[Mean    =        1.743, StdDeviation   =        3.726]
#[Max     =       42.912, Total count    =       499846]
#[Buckets =           27, SubBuckets     =         2048]
----------------------------------------------------------
  599887 requests in 1.00m, 47.35MB read
Requests/sec:   9998.29
Transfer/sec:    808.05KB




wrk -t4 -c4 -d1m -R10000 -s ./wrk/put.lua --latency http://localhost:8082
Running 1m test @ http://localhost:8082
  4 threads and 4 connections
  Thread calibration: mean lat.: 10.384ms, rate sampling interval: 28ms
  Thread calibration: mean lat.: 8.907ms, rate sampling interval: 16ms
  Thread calibration: mean lat.: 7.487ms, rate sampling interval: 16ms
  Thread calibration: mean lat.: 3.059ms, rate sampling interval: 10ms
  Thread Stats   Avg      Stdev     Max   +/- Stdev
    Latency     1.86ms    3.91ms  43.68ms   95.35%
    Req/Sec     2.60k   385.40     6.78k    85.48%
  Latency Distribution (HdrHistogram - Recorded Latency)
 50.000%    1.07ms
 75.000%    1.56ms
 90.000%    1.98ms
 99.000%   25.18ms
 99.900%   38.46ms
 99.990%   42.65ms
 99.999%   43.17ms
100.000%   43.71ms

  Detailed Percentile spectrum:
       Value   Percentile   TotalCount 1/(1-Percentile)

       0.034     0.000000            1         1.00
       0.342     0.100000        50208         1.11
       0.577     0.200000       100117         1.25
       0.804     0.300000       150127         1.43
       0.950     0.400000       200062         1.67
       1.071     0.500000       250288         2.00
       1.132     0.550000       275015         2.22
       1.219     0.600000       300062         2.50
       1.333     0.650000       324999         2.86
       1.445     0.700000       350068         3.33
       1.563     0.750000       375073         4.00
       1.625     0.775000       387603         4.44
       1.683     0.800000       400069         5.00
       1.740     0.825000       412570         5.71
       1.799     0.850000       425159         6.67
       1.862     0.875000       437606         8.00
       1.902     0.887500       443780         8.89
       1.978     0.900000       449991        10.00
       2.433     0.912500       456201        11.43
       3.263     0.925000       462460        13.33
       4.151     0.937500       468716        16.00
       4.671     0.943750       471851        17.78
       5.307     0.950000       474960        20.00
       6.207     0.956250       478084        22.86
       7.495     0.962500       481199        26.67
       9.623     0.968750       484327        32.00
      10.967     0.971875       485892        35.56
      12.407     0.975000       487448        40.00
      14.367     0.978125       489011        45.71
      16.655     0.981250       490573        53.33
      19.119     0.984375       492135        64.00
      20.543     0.985938       492916        71.11
      22.255     0.987500       493699        80.00
      24.063     0.989062       494479        91.43
      25.903     0.990625       495261       106.67
      27.551     0.992188       496044       128.00
      28.351     0.992969       496434       142.22
      29.167     0.993750       496826       160.00
      30.191     0.994531       497212       182.86
      31.279     0.995313       497603       213.33
      32.351     0.996094       497997       256.00
      32.991     0.996484       498192       284.44
      33.631     0.996875       498387       320.00
      34.303     0.997266       498585       365.71
      35.167     0.997656       498778       426.67
      35.903     0.998047       498972       512.00
      36.575     0.998242       499070       568.89
      37.119     0.998437       499169       640.00
      37.439     0.998633       499265       731.43
      37.855     0.998828       499368       853.33
      38.623     0.999023       499462      1024.00
      39.199     0.999121       499512      1137.78
      39.679     0.999219       499556      1280.00
      40.191     0.999316       499605      1462.86
      40.703     0.999414       499655      1706.67
      41.247     0.999512       499704      2048.00
      41.439     0.999561       499728      2275.56
      41.663     0.999609       499754      2560.00
      41.855     0.999658       499778      2925.71
      42.047     0.999707       499804      3413.33
      42.175     0.999756       499826      4096.00
      42.271     0.999780       499839      4551.11
      42.367     0.999805       499852      5120.00
      42.463     0.999829       499866      5851.43
      42.527     0.999854       499880      6826.67
      42.559     0.999878       499885      8192.00
      42.623     0.999890       499895      9102.22
      42.655     0.999902       499898     10240.00
      42.751     0.999915       499905     11702.86
      42.783     0.999927       499910     13653.33
      42.847     0.999939       499921     16384.00
      42.847     0.999945       499921     18204.44
      42.879     0.999951       499923     20480.00
      42.911     0.999957       499927     23405.71
      42.943     0.999963       499930     27306.67
      42.975     0.999969       499935     32768.00
      42.975     0.999973       499935     36408.89
      42.975     0.999976       499935     40960.00
      43.007     0.999979       499936     46811.43
      43.039     0.999982       499937     54613.33
      43.103     0.999985       499939     65536.00
      43.167     0.999986       499942     72817.78
      43.167     0.999988       499942     81920.00
      43.167     0.999989       499942     93622.86
      43.167     0.999991       499942    109226.67
      43.199     0.999992       499943    131072.00
      43.199     0.999993       499943    145635.56
      43.199     0.999994       499943    163840.00
      43.295     0.999995       499944    187245.71
      43.295     0.999995       499944    218453.33
      43.487     0.999996       499945    262144.00
      43.487     0.999997       499945    291271.11
      43.487     0.999997       499945    327680.00
      43.487     0.999997       499945    374491.43
      43.487     0.999998       499945    436906.67
      43.711     0.999998       499946    524288.00
      43.711     1.000000       499946          inf
#[Mean    =        1.863, StdDeviation   =        3.908]
#[Max     =       43.680, Total count    =       499946]
#[Buckets =           27, SubBuckets     =         2048]
----------------------------------------------------------
  599987 requests in 1.00m, 47.81MB read
Requests/sec:   9999.78
Transfer/sec:    815.91KB
