 wrk -d1m -R10000 -s ./wrk/delete.lua --latency http://localhost:8080
Running 1m test @ http://localhost:8080
  2 threads and 10 connections
  Thread calibration: mean lat.: 4.916ms, rate sampling interval: 24ms
  Thread calibration: mean lat.: 4.971ms, rate sampling interval: 24ms
  Thread Stats   Avg      Stdev     Max   +/- Stdev
    Latency     2.26ms    2.86ms  47.84ms   92.01%
    Req/Sec     4.09k   544.90     8.58k    87.25%
  Latency Distribution (HdrHistogram - Recorded Latency)
 50.000%    1.50ms
 75.000%    2.24ms
 90.000%    4.30ms
 99.000%   16.07ms
 99.900%   26.69ms
 99.990%   43.65ms
 99.999%   47.17ms
100.000%   47.87ms

  Detailed Percentile spectrum:
       Value   Percentile   TotalCount 1/(1-Percentile)

       0.082     0.000000            1         1.00
       0.606     0.100000        40109         1.11
       0.872     0.200000        80036         1.25
       1.090     0.300000       120048         1.43
       1.291     0.400000       160073         1.67
       1.499     0.500000       200012         2.00
       1.612     0.550000       220043         2.22
       1.739     0.600000       240002         2.50
       1.886     0.650000       259886         2.86
       2.049     0.700000       280061         3.33
       2.239     0.750000       299846         4.00
       2.365     0.775000       309933         4.44
       2.521     0.800000       319877         5.00
       2.743     0.825000       329863         5.71
       3.073     0.850000       339828         6.67
       3.553     0.875000       349829         8.00
       3.893     0.887500       354825         8.89
       4.299     0.900000       359807        10.00
       4.787     0.912500       364810        11.43
       5.383     0.925000       369797        13.33
       6.131     0.937500       374815        16.00
       6.583     0.943750       377309        17.78
       7.123     0.950000       379796        20.00
       7.775     0.956250       382291        22.86
       8.535     0.962500       384817        26.67
       9.439     0.968750       387293        32.00
       9.991     0.971875       388540        35.56
      10.655     0.975000       389788        40.00
      11.447     0.978125       391039        45.71
      12.375     0.981250       392286        53.33
      13.543     0.984375       393542        64.00
      14.175     0.985938       394162        71.11
      14.871     0.987500       394782        80.00
      15.559     0.989062       395416        91.43
      16.431     0.990625       396043       106.67
      17.311     0.992188       396668       128.00
      17.823     0.992969       396974       142.22
      18.367     0.993750       397287       160.00
      18.943     0.994531       397594       182.86
      19.583     0.995313       397911       213.33
      20.287     0.996094       398226       256.00
      20.623     0.996484       398374       284.44
      20.991     0.996875       398534       320.00
      21.567     0.997266       398686       365.71
      22.255     0.997656       398845       426.67
      23.007     0.998047       399000       512.00
      23.407     0.998242       399080       568.89
      23.871     0.998437       399156       640.00
      24.543     0.998633       399233       731.43
      25.615     0.998828       399311       853.33
      26.863     0.999023       399389      1024.00
      27.519     0.999121       399428      1137.78
      28.383     0.999219       399467      1280.00
      29.439     0.999316       399506      1462.86
      30.543     0.999414       399545      1706.67
      32.271     0.999512       399584      2048.00
      33.375     0.999561       399604      2275.56
      34.623     0.999609       399623      2560.00
      35.839     0.999658       399643      2925.71
      36.991     0.999707       399662      3413.33
      39.135     0.999756       399682      4096.00
      40.031     0.999780       399693      4551.11
      41.087     0.999805       399702      5120.00
      41.631     0.999829       399711      5851.43
      42.655     0.999854       399721      6826.67
      43.231     0.999878       399731      8192.00
      43.551     0.999890       399736      9102.22
      43.711     0.999902       399740     10240.00
      44.031     0.999915       399745     11702.86
      44.319     0.999927       399751     13653.33
      44.447     0.999939       399756     16384.00
      44.479     0.999945       399758     18204.44
      44.511     0.999951       399760     20480.00
      44.639     0.999957       399762     23405.71
      44.799     0.999963       399765     27306.67
      44.959     0.999969       399767     32768.00
      46.015     0.999973       399769     36408.89
      46.239     0.999976       399770     40960.00
      46.399     0.999979       399771     46811.43
      46.815     0.999982       399774     54613.33
      46.815     0.999985       399774     65536.00
      46.815     0.999986       399774     72817.78
      47.167     0.999988       399775     81920.00
      47.167     0.999989       399775     93622.86
      47.647     0.999991       399776    109226.67
      47.647     0.999992       399776    131072.00
      47.679     0.999993       399777    145635.56
      47.679     0.999994       399777    163840.00
      47.679     0.999995       399777    187245.71
      47.743     0.999995       399778    218453.33
      47.743     0.999996       399778    262144.00
      47.743     0.999997       399778    291271.11
      47.743     0.999997       399778    327680.00
      47.743     0.999997       399778    374491.43
      47.871     0.999998       399779    436906.67
      47.871     1.000000       399779          inf
#[Mean    =        2.263, StdDeviation   =        2.861]
#[Max     =       47.840, Total count    =       399779]
#[Buckets =           27, SubBuckets     =         2048]
----------------------------------------------------------
  492988 requests in 1.00m, 31.97MB read
  Socket errors: connect 0, read 0, write 0, timeout 50
  Non-2xx or 3xx responses: 3
Requests/sec:   8216.58
Transfer/sec:    545.63KB
