wrk -c 128 -d1m -R1000 -s ./wrk/delete.lua --latency http://localhost:8080
Running 1m test @ http://localhost:8080
  2 threads and 128 connections
  Thread calibration: mean lat.: 2.543ms, rate sampling interval: 10ms
  Thread calibration: mean lat.: 9.728ms, rate sampling interval: 24ms
  Thread Stats   Avg      Stdev     Max   +/- Stdev
    Latency     6.05ms    4.74ms  46.30ms   81.86%
    Req/Sec   521.36    547.50     2.78k    93.55%
  Latency Distribution (HdrHistogram - Recorded Latency)
 50.000%    5.30ms
 75.000%    9.57ms
 90.000%   11.22ms
 99.000%   18.11ms
 99.900%   42.11ms
 99.990%   45.76ms
 99.999%   46.33ms
100.000%   46.33ms

  Detailed Percentile spectrum:
       Value   Percentile   TotalCount 1/(1-Percentile)

       0.423     0.000000            1         1.00
       1.509     0.100000         4974         1.11
       1.850     0.200000         9939         1.25
       2.149     0.300000        14905         1.43
       2.527     0.400000        19872         1.67
       5.295     0.500000        24838         2.00
       6.903     0.550000        27319         2.22
       7.863     0.600000        29802         2.50
       8.559     0.650000        32315         2.86
       9.095     0.700000        34789         3.33
       9.575     0.750000        37294         4.00
       9.807     0.775000        38513         4.44
      10.055     0.800000        39782         5.00
      10.303     0.825000        40982         5.71
      10.575     0.850000        42242         6.67
      10.863     0.875000        43468         8.00
      11.023     0.887500        44085         8.89
      11.215     0.900000        44727        10.00
      11.431     0.912500        45338        11.43
      11.647     0.925000        45962        13.33
      11.903     0.937500        46572        16.00
      12.079     0.943750        46892        17.78
      12.263     0.950000        47190        20.00
      12.471     0.956250        47510        22.86
      12.735     0.962500        47813        26.67
      13.071     0.968750        48118        32.00
      13.311     0.971875        48276        35.56
      13.607     0.975000        48431        40.00
      13.983     0.978125        48584        45.71
      14.495     0.981250        48739        53.33
      15.311     0.984375        48895        64.00
      15.855     0.985938        48972        71.11
      16.511     0.987500        49050        80.00
      17.407     0.989062        49128        91.43
      18.687     0.990625        49205       106.67
      20.031     0.992188        49282       128.00
      20.959     0.992969        49322       142.22
      22.959     0.993750        49360       160.00
      24.735     0.994531        49399       182.86
      30.111     0.995313        49438       213.33
      35.359     0.996094        49476       256.00
      36.319     0.996484        49496       284.44
      36.767     0.996875        49516       320.00
      37.407     0.997266        49535       365.71
      38.591     0.997656        49554       426.67
      39.743     0.998047        49573       512.00
      40.287     0.998242        49583       568.89
      41.087     0.998437        49593       640.00
      41.663     0.998633        49604       731.43
      41.919     0.998828        49612       853.33
      42.143     0.999023        49622      1024.00
      42.399     0.999121        49627      1137.78
      42.719     0.999219        49632      1280.00
      42.975     0.999316        49638      1462.86
      43.391     0.999414        49641      1706.67
      43.807     0.999512        49647      2048.00
      43.999     0.999561        49649      2275.56
      44.223     0.999609        49651      2560.00
      44.543     0.999658        49654      2925.71
      44.799     0.999707        49658      3413.33
      44.799     0.999756        49658      4096.00
      45.087     0.999780        49660      4551.11
      45.183     0.999805        49661      5120.00
      45.343     0.999829        49663      5851.43
      45.343     0.999854        49663      6826.67
      45.375     0.999878        49664      8192.00
      45.759     0.999890        49665      9102.22
      45.855     0.999902        49666     10240.00
      45.855     0.999915        49666     11702.86
      45.983     0.999927        49667     13653.33
      45.983     0.999939        49667     16384.00
      46.015     0.999945        49668     18204.44
      46.015     0.999951        49668     20480.00
      46.015     0.999957        49668     23405.71
      46.335     0.999963        49670     27306.67
      46.335     1.000000        49670          inf
#[Mean    =        6.046, StdDeviation   =        4.738]
#[Max     =       46.304, Total count    =        49670]
#[Buckets =           27, SubBuckets     =         2048]
----------------------------------------------------------
  59459 requests in 1.00m, 3.86MB read
Requests/sec:    990.75
Transfer/sec:     65.79KB
