wrk -c 128 -d1m -R1000 -s ./wrk/get.lua --latency http://localhost:8080
Running 1m test @ http://localhost:8080
  2 threads and 128 connections
  Thread calibration: mean lat.: 7.210ms, rate sampling interval: 16ms
  Thread calibration: mean lat.: 7.276ms, rate sampling interval: 16ms
  Thread Stats   Avg      Stdev     Max   +/- Stdev
    Latency     3.35ms    2.26ms  53.79ms   93.42%
    Req/Sec   516.47    134.92     1.69k    67.15%
  Latency Distribution (HdrHistogram - Recorded Latency)
 50.000%    2.86ms
 75.000%    3.59ms
 90.000%    4.75ms
 99.000%   12.26ms
 99.900%   31.28ms
 99.990%   42.85ms
 99.999%   53.82ms
100.000%   53.82ms

  Detailed Percentile spectrum:
       Value   Percentile   TotalCount 1/(1-Percentile)

       0.513     0.000000            1         1.00
       1.987     0.100000         4971         1.11
       2.257     0.200000         9995         1.25
       2.465     0.300000        14907         1.43
       2.661     0.400000        19910         1.67
       2.859     0.500000        24846         2.00
       2.965     0.550000        27348         2.22
       3.089     0.600000        29838         2.50
       3.221     0.650000        32303         2.86
       3.387     0.700000        34790         3.33
       3.585     0.750000        37270         4.00
       3.709     0.775000        38516         4.44
       3.843     0.800000        39744         5.00
       4.011     0.825000        40988         5.71
       4.207     0.850000        42229         6.67
       4.443     0.875000        43474         8.00
       4.587     0.887500        44098         8.89
       4.751     0.900000        44719        10.00
       4.975     0.912500        45339        11.43
       5.263     0.925000        45952        13.33
       5.635     0.937500        46576        16.00
       5.883     0.943750        46891        17.78
       6.223     0.950000        47197        20.00
       6.667     0.956250        47506        22.86
       7.183     0.962500        47818        26.67
       8.027     0.968750        48125        32.00
       8.487     0.971875        48280        35.56
       8.935     0.975000        48436        40.00
       9.399     0.978125        48593        45.71
       9.919     0.981250        48746        53.33
      10.575     0.984375        48903        64.00
      10.927     0.985938        48979        71.11
      11.399     0.987500        49057        80.00
      11.959     0.989062        49134        91.43
      12.543     0.990625        49212       106.67
      13.279     0.992188        49289       128.00
      13.703     0.992969        49328       142.22
      14.279     0.993750        49368       160.00
      15.087     0.994531        49406       182.86
      16.119     0.995313        49446       213.33
      17.055     0.996094        49483       256.00
      18.175     0.996484        49503       284.44
      19.391     0.996875        49523       320.00
      20.767     0.997266        49542       365.71
      22.047     0.997656        49561       426.67
      23.823     0.998047        49580       512.00
      25.343     0.998242        49590       568.89
      26.799     0.998437        49600       640.00
      28.159     0.998633        49610       731.43
      30.143     0.998828        49619       853.33
      31.503     0.999023        49629      1024.00
      32.559     0.999121        49634      1137.78
      34.079     0.999219        49640      1280.00
      35.167     0.999316        49645      1462.86
      35.615     0.999414        49648      1706.67
      36.767     0.999512        49653      2048.00
      37.727     0.999561        49656      2275.56
      38.879     0.999609        49658      2560.00
      39.263     0.999658        49661      2925.71
      39.551     0.999707        49664      3413.33
      39.647     0.999756        49665      4096.00
      40.415     0.999780        49667      4551.11
      40.799     0.999805        49668      5120.00
      41.087     0.999829        49669      5851.43
      41.183     0.999854        49670      6826.67
      41.247     0.999878        49671      8192.00
      42.847     0.999890        49672      9102.22
      44.255     0.999902        49673     10240.00
      44.255     0.999915        49673     11702.86
      46.719     0.999927        49674     13653.33
      46.719     0.999939        49674     16384.00
      47.839     0.999945        49675     18204.44
      47.839     0.999951        49675     20480.00
      47.839     0.999957        49675     23405.71
      49.151     0.999963        49676     27306.67
      49.151     0.999969        49676     32768.00
      49.151     0.999973        49676     36408.89
      49.151     0.999976        49676     40960.00
      49.151     0.999979        49676     46811.43
      53.823     0.999982        49677     54613.33
      53.823     1.000000        49677          inf
#[Mean    =        3.351, StdDeviation   =        2.262]
#[Max     =       53.792, Total count    =        49677]
#[Buckets =           27, SubBuckets     =         2048]
----------------------------------------------------------
  59906 requests in 1.00m, 4.13MB read
Requests/sec:    998.41
Transfer/sec:     70.49KB
