wrk -t4 -c4 -d1m -R10000 -s ./wrk/delete.lua --latency http://localhost:8080
Running 1m test @ http://localhost:8080
  4 threads and 4 connections
  Thread calibration: mean lat.: 2.347ms, rate sampling interval: 10ms
  Thread calibration: mean lat.: 2.175ms, rate sampling interval: 10ms
  Thread calibration: mean lat.: 2.180ms, rate sampling interval: 10ms
  Thread calibration: mean lat.: 2.132ms, rate sampling interval: 10ms
  Thread Stats   Avg      Stdev     Max   +/- Stdev
    Latency     1.75ms    3.80ms  41.82ms   95.99%
    Req/Sec     2.64k   407.98     7.22k    86.86%
  Latency Distribution (HdrHistogram - Recorded Latency)
 50.000%    1.06ms
 75.000%    1.52ms
 90.000%    1.87ms
 99.000%   26.00ms
 99.900%   36.03ms
 99.990%   41.02ms
 99.999%   41.60ms
100.000%   41.85ms

  Detailed Percentile spectrum:
       Value   Percentile   TotalCount 1/(1-Percentile)

       0.036     0.000000            1         1.00
       0.338     0.100000        50041         1.11
       0.567     0.200000       100113         1.25
       0.789     0.300000       149997         1.43
       0.938     0.400000       200042         1.67
       1.059     0.500000       250344         2.00
       1.116     0.550000       275262         2.22
       1.190     0.600000       300174         2.50
       1.295     0.650000       325120         2.86
       1.406     0.700000       350057         3.33
       1.520     0.750000       375142         4.00
       1.577     0.775000       387477         4.44
       1.636     0.800000       399996         5.00
       1.694     0.825000       412592         5.71
       1.749     0.850000       424992         6.67
       1.809     0.875000       437584         8.00
       1.839     0.887500       443830         8.89
       1.872     0.900000       450109        10.00
       1.913     0.912500       456275        11.43
       2.002     0.925000       462473        13.33
       2.843     0.937500       468701        16.00
       3.531     0.943750       471825        17.78
       4.259     0.950000       474948        20.00
       5.031     0.956250       478082        22.86
       5.979     0.962500       481195        26.67
       7.443     0.968750       484324        32.00
       8.423     0.971875       485891        35.56
       9.983     0.975000       487446        40.00
      12.415     0.978125       489006        45.71
      15.655     0.981250       490572        53.33
      19.599     0.984375       492140        64.00
      21.519     0.985938       492914        71.11
      23.247     0.987500       493696        80.00
      24.911     0.989062       494475        91.43
      26.783     0.990625       495266       106.67
      28.367     0.992188       496046       128.00
      29.231     0.992969       496429       142.22
      30.127     0.993750       496819       160.00
      30.927     0.994531       497210       182.86
      31.631     0.995313       497602       213.33
      32.319     0.996094       497994       256.00
      32.719     0.996484       498186       284.44
      33.151     0.996875       498393       320.00
      33.567     0.997266       498594       365.71
      34.143     0.997656       498780       426.67
      34.655     0.998047       498968       512.00
      34.943     0.998242       499069       568.89
      35.199     0.998437       499173       640.00
      35.391     0.998633       499260       731.43
      35.679     0.998828       499359       853.33
      36.095     0.999023       499458      1024.00
      36.287     0.999121       499503      1137.78
      36.479     0.999219       499560      1280.00
      36.703     0.999316       499605      1462.86
      37.023     0.999414       499656      1706.67
      37.311     0.999512       499699      2048.00
      37.567     0.999561       499723      2275.56
      38.111     0.999609       499747      2560.00
      38.495     0.999658       499772      2925.71
      39.007     0.999707       499797      3413.33
      39.711     0.999756       499820      4096.00
      40.287     0.999780       499833      4551.11
      40.511     0.999805       499846      5120.00
      40.607     0.999829       499858      5851.43
      40.735     0.999854       499870      6826.67
      40.895     0.999878       499884      8192.00
      40.959     0.999890       499888      9102.22
      41.055     0.999902       499897     10240.00
      41.087     0.999915       499902     11702.86
      41.183     0.999927       499906     13653.33
      41.311     0.999939       499917     16384.00
      41.311     0.999945       499917     18204.44
      41.343     0.999951       499919     20480.00
      41.375     0.999957       499922     23405.71
      41.407     0.999963       499926     27306.67
      41.439     0.999969       499927     32768.00
      41.471     0.999973       499932     36408.89
      41.471     0.999976       499932     40960.00
      41.471     0.999979       499932     46811.43
      41.503     0.999982       499934     54613.33
      41.535     0.999985       499936     65536.00
      41.535     0.999986       499936     72817.78
      41.535     0.999988       499936     81920.00
      41.599     0.999989       499937     93622.86
      41.631     0.999991       499938    109226.67
      41.663     0.999992       499939    131072.00
      41.663     0.999993       499939    145635.56
      41.663     0.999994       499939    163840.00
      41.727     0.999995       499940    187245.71
      41.727     0.999995       499940    218453.33
      41.791     0.999996       499941    262144.00
      41.791     0.999997       499941    291271.11
      41.791     0.999997       499941    327680.00
      41.791     0.999997       499941    374491.43
      41.791     0.999998       499941    436906.67
      41.855     0.999998       499942    524288.00
      41.855     1.000000       499942          inf
#[Mean    =        1.747, StdDeviation   =        3.795]
#[Max     =       41.824, Total count    =       499942]
#[Buckets =           27, SubBuckets     =         2048]
----------------------------------------------------------
  599980 requests in 1.00m, 47.89MB read
Requests/sec:   9999.87
Transfer/sec:    817.28KB



wrk -t4 -c4 -d1m -R10000 -s ./wrk/delete.lua --latency http://localhost:8081
Running 1m test @ http://localhost:8081
  4 threads and 4 connections
  Thread calibration: mean lat.: 2.028ms, rate sampling interval: 10ms
  Thread calibration: mean lat.: 2.125ms, rate sampling interval: 10ms
  Thread calibration: mean lat.: 1.939ms, rate sampling interval: 10ms
  Thread calibration: mean lat.: 2.136ms, rate sampling interval: 10ms
  Thread Stats   Avg      Stdev     Max   +/- Stdev
    Latency     1.70ms    3.77ms  48.19ms   96.34%
    Req/Sec     2.64k   396.19     7.11k    87.41%
  Latency Distribution (HdrHistogram - Recorded Latency)
 50.000%    1.04ms
 75.000%    1.50ms
 90.000%    1.85ms
 99.000%   26.09ms
 99.900%   36.03ms
 99.990%   41.38ms
 99.999%   47.55ms
100.000%   48.22ms

  Detailed Percentile spectrum:
       Value   Percentile   TotalCount 1/(1-Percentile)

       0.037     0.000000            2         1.00
       0.331     0.100000        50147         1.11
       0.556     0.200000       100220         1.25
       0.778     0.300000       150215         1.43
       0.928     0.400000       200038         1.67
       1.045     0.500000       250317         2.00
       1.103     0.550000       275353         2.22
       1.172     0.600000       300057         2.50
       1.274     0.650000       325146         2.86
       1.386     0.700000       350216         3.33
       1.498     0.750000       375093         4.00
       1.556     0.775000       387536         4.44
       1.615     0.800000       400222         5.00
       1.673     0.825000       412719         5.71
       1.729     0.850000       425117         6.67
       1.786     0.875000       437641         8.00
       1.815     0.887500       443899         8.89
       1.847     0.900000       450190        10.00
       1.883     0.912500       456427        11.43
       1.940     0.925000       462575        13.33
       2.419     0.937500       468784        16.00
       3.057     0.943750       471920        17.78
       3.747     0.950000       475034        20.00
       4.495     0.956250       478167        22.86
       5.335     0.962500       481290        26.67
       6.563     0.968750       484415        32.00
       7.651     0.971875       485973        35.56
       9.183     0.975000       487538        40.00
      11.535     0.978125       489097        45.71
      14.967     0.981250       490660        53.33
      19.183     0.984375       492226        64.00
      21.295     0.985938       493006        71.11
      23.263     0.987500       493785        80.00
      24.975     0.989062       494566        91.43
      26.831     0.990625       495354       106.67
      28.751     0.992188       496130       128.00
      29.711     0.992969       496520       142.22
      30.623     0.993750       496913       160.00
      31.263     0.994531       497301       182.86
      31.967     0.995313       497701       213.33
      32.511     0.996094       498087       256.00
      32.831     0.996484       498278       284.44
      33.183     0.996875       498473       320.00
      33.535     0.997266       498669       365.71
      34.079     0.997656       498871       426.67
      34.527     0.998047       499060       512.00
      34.847     0.998242       499165       568.89
      35.135     0.998437       499254       640.00
      35.455     0.998633       499351       731.43
      35.743     0.998828       499451       853.33
      36.063     0.999023       499546      1024.00
      36.351     0.999121       499596      1137.78
      36.639     0.999219       499646      1280.00
      36.895     0.999316       499696      1462.86
      37.119     0.999414       499742      1706.67
      37.727     0.999512       499792      2048.00
      38.143     0.999561       499818      2275.56
      38.751     0.999609       499839      2560.00
      39.199     0.999658       499865      2925.71
      39.647     0.999707       499889      3413.33
      39.839     0.999756       499913      4096.00
      39.935     0.999780       499925      4551.11
      40.063     0.999805       499937      5120.00
      40.255     0.999829       499952      5851.43
      40.383     0.999854       499962      6826.67
      40.543     0.999878       499973      8192.00
      40.767     0.999890       499981      9102.22
      41.919     0.999902       499986     10240.00
      43.423     0.999915       499992     11702.86
      44.031     0.999927       499998     13653.33
      44.735     0.999939       500004     16384.00
      45.087     0.999945       500007     18204.44
      45.407     0.999951       500010     20480.00
      45.663     0.999957       500013     23405.71
      46.175     0.999963       500016     27306.67
      46.367     0.999969       500019     32768.00
      46.623     0.999973       500021     36408.89
      46.815     0.999976       500022     40960.00
      47.007     0.999979       500024     46811.43
      47.071     0.999982       500025     54613.33
      47.359     0.999985       500027     65536.00
      47.519     0.999986       500028     72817.78
      47.519     0.999988       500028     81920.00
      47.551     0.999989       500029     93622.86
      47.743     0.999991       500031    109226.67
      47.743     0.999992       500031    131072.00
      47.743     0.999993       500031    145635.56
      47.743     0.999994       500031    163840.00
      47.935     0.999995       500032    187245.71
      47.935     0.999995       500032    218453.33
      48.063     0.999996       500033    262144.00
      48.063     0.999997       500033    291271.11
      48.063     0.999997       500033    327680.00
      48.063     0.999997       500033    374491.43
      48.063     0.999998       500033    436906.67
      48.223     0.999998       500034    524288.00
      48.223     1.000000       500034          inf
#[Mean    =        1.703, StdDeviation   =        3.771]
#[Max     =       48.192, Total count    =       500034]
#[Buckets =           27, SubBuckets     =         2048]
----------------------------------------------------------
  599991 requests in 1.00m, 47.93MB read
Requests/sec:   9999.78
Transfer/sec:    817.94KB



wrk -t4 -c4 -d1m -R10000 -s ./wrk/delete.lua --latency http://localhost:8082
Running 1m test @ http://localhost:8082
  4 threads and 4 connections
  Thread calibration: mean lat.: 2.082ms, rate sampling interval: 10ms
  Thread calibration: mean lat.: 1.881ms, rate sampling interval: 10ms
  Thread calibration: mean lat.: 1.966ms, rate sampling interval: 10ms
  Thread calibration: mean lat.: 2.055ms, rate sampling interval: 10ms
  Thread Stats   Avg      Stdev     Max   +/- Stdev
    Latency     1.73ms    3.81ms  46.72ms   96.19%
    Req/Sec     2.65k   394.58     6.00k    86.91%
  Latency Distribution (HdrHistogram - Recorded Latency)
 50.000%    1.05ms
 75.000%    1.50ms
 90.000%    1.85ms
 99.000%   26.29ms
 99.900%   36.54ms
 99.990%   41.28ms
 99.999%   45.82ms
100.000%   46.75ms

  Detailed Percentile spectrum:
       Value   Percentile   TotalCount 1/(1-Percentile)

       0.036     0.000000            1         1.00
       0.331     0.100000        50124         1.11
       0.556     0.200000       100175         1.25
       0.779     0.300000       150183         1.43
       0.929     0.400000       200388         1.67
       1.047     0.500000       250242         2.00
       1.103     0.550000       275112         2.22
       1.173     0.600000       300243         2.50
       1.275     0.650000       325002         2.86
       1.390     0.700000       350096         3.33
       1.500     0.750000       375104         4.00
       1.557     0.775000       387660         4.44
       1.617     0.800000       400055         5.00
       1.676     0.825000       412610         5.71
       1.735     0.850000       425135         6.67
       1.792     0.875000       437619         8.00
       1.821     0.887500       443865         8.89
       1.850     0.900000       450059        10.00
       1.886     0.912500       456310        11.43
       1.953     0.925000       462512        13.33
       2.631     0.937500       468725        16.00
       3.277     0.943750       471846        17.78
       3.971     0.950000       474976        20.00
       4.719     0.956250       478105        22.86
       5.647     0.962500       481217        26.67
       7.267     0.968750       484340        32.00
       8.535     0.971875       485907        35.56
      10.055     0.975000       487472        40.00
      12.191     0.978125       489028        45.71
      15.503     0.981250       490589        53.33
      19.231     0.984375       492158        64.00
      21.087     0.985938       492937        71.11
      23.071     0.987500       493714        80.00
      25.119     0.989062       494501        91.43
      27.055     0.990625       495277       106.67
      28.703     0.992188       496066       128.00
      29.503     0.992969       496450       142.22
      30.335     0.993750       496844       160.00
      31.103     0.994531       497231       182.86
      31.951     0.995313       497620       213.33
      32.831     0.996094       498021       256.00
      33.247     0.996484       498220       284.44
      33.695     0.996875       498410       320.00
      34.143     0.997266       498605       365.71
      34.655     0.997656       498801       426.67
      35.199     0.998047       498995       512.00
      35.455     0.998242       499092       568.89
      35.711     0.998437       499186       640.00
      35.999     0.998633       499283       731.43
      36.287     0.998828       499379       853.33
      36.575     0.999023       499480      1024.00
      36.735     0.999121       499526      1137.78
      36.927     0.999219       499575      1280.00
      37.183     0.999316       499623      1462.86
      37.599     0.999414       499674      1706.67
      37.951     0.999512       499719      2048.00
      38.463     0.999561       499746      2275.56
      38.815     0.999609       499769      2560.00
      39.295     0.999658       499794      2925.71
      39.711     0.999707       499817      3413.33
      40.063     0.999756       499843      4096.00
      40.223     0.999780       499855      4551.11
      40.383     0.999805       499869      5120.00
      40.607     0.999829       499879      5851.43
      40.863     0.999854       499890      6826.67
      41.119     0.999878       499902      8192.00
      41.247     0.999890       499911      9102.22
      41.279     0.999902       499915     10240.00
      41.535     0.999915       499922     11702.86
      42.079     0.999927       499928     13653.33
      42.911     0.999939       499933     16384.00
      43.231     0.999945       499936     18204.44
      43.647     0.999951       499939     20480.00
      44.127     0.999957       499942     23405.71
      44.383     0.999963       499945     27306.67
      44.735     0.999969       499948     32768.00
      44.927     0.999973       499950     36408.89
      44.959     0.999976       499951     40960.00
      45.215     0.999979       499953     46811.43
      45.279     0.999982       499954     54613.33
      45.503     0.999985       499956     65536.00
      45.695     0.999986       499957     72817.78
      45.695     0.999988       499957     81920.00
      45.823     0.999989       499958     93622.86
      45.951     0.999991       499959    109226.67
      46.111     0.999992       499960    131072.00
      46.111     0.999993       499960    145635.56
      46.111     0.999994       499960    163840.00
      46.207     0.999995       499961    187245.71
      46.207     0.999995       499961    218453.33
      46.527     0.999996       499962    262144.00
      46.527     0.999997       499962    291271.11
      46.527     0.999997       499962    327680.00
      46.527     0.999997       499962    374491.43
      46.527     0.999998       499962    436906.67
      46.751     0.999998       499963    524288.00
      46.751     1.000000       499963          inf
#[Mean    =        1.726, StdDeviation   =        3.814]
#[Max     =       46.720, Total count    =       499963]
#[Buckets =           27, SubBuckets     =         2048]
----------------------------------------------------------
  599990 requests in 1.00m, 48.38MB read
Requests/sec:   9999.88
Transfer/sec:    825.68KB
